-0.286794965000000
0.338105527000000
-0.0579354870000000
1.28641841000000
1.00231013000000
3.14920776000000
1.42344393000000
0.433241462000000
1.74925670000000
-0.522990971000000
0.320201240000000
-0.108808122000000
2.51404238000000
0.189438178000000
-0.155903566000000
-0.731785400000000
0.213193152000000
-2.25996202000000
-1.67004530000000
-1.36087550000000
-1.03687884000000
-0.370518483000000
1.59712427000000
0.659237556000000
-0.268888158000000
1.63508072000000
1.37198405000000
-0.129601117000000
1.24290933000000
0.184387540000000
1.89276334000000
0.180130189000000
1.64646017000000
2.27609601000000
-0.230093475000000
2.15855527000000
-0.0407409164000000
-0.205623513000000
-0.935068369000000
-0.426755912000000
-0.951976066000000
-1.13618917000000
-0.237967411000000
0.647408519000000
-2.31892696000000
0.492001691000000
-0.404857543000000
0.512321750000000
-0.836776915000000
1.07820021000000
0.494282295000000
2.96061913000000
1.11752866000000
3.58992552000000
1.00925260000000
1.62909024000000
1.36794758000000
1.53922798000000
-0.851700056000000
-0.969322070000000
0.677329745000000
0.853508161000000
-1.62599009000000
0.245411542000000
-0.434669106000000
-2.34567410000000
-0.327995709000000
-0.623726389000000
-1.18182682000000
0.302621081000000
-1.47091819000000
-0.0308255195000000
-0.421145540000000
-0.740379893000000
1.48640225000000
2.04721332000000
1.12196529000000
1.35168329000000
3.88831002000000
1.84845872000000
1.38397865000000
2.00619517000000
-0.264258121000000
0.516577725000000
1.09549971000000
-0.538293483000000
0.222672941000000
-0.406751908000000
-0.981755522000000
-1.21092836000000
-0.301835534000000
-1.17020087000000
-1.58378616000000
0.906314565000000
-1.93794391000000
-0.477270395000000
-0.990314463000000
0.979303342000000
1.23283229000000
2.10817807000000
1.07646940000000
1.77107131000000
0.850794990000000
0.244363815000000
0.0950609565000000
-0.0318931396000000
-0.611509175000000
-0.150460945000000
-0.312588457000000
1.33011867000000
-1.13538570000000
-2.42726815000000
-1.15714650000000
-2.26661301000000
-0.152059714000000
-2.90388546000000
0.106503865000000
0.419854390000000
-1.22932799000000
-0.549345052000000
0.505521844000000
1.05183063000000
-0.120647315000000
0.773723237000000
0.0758943201000000
-0.520679849000000
0.918809583000000
2.13512092000000
-0.712546635000000
1.48974973000000
-0.659450510000000
0.885658488000000
2.55101193000000
-1.81635187000000
-1.93058950000000
-1.32257784000000
0.335190387000000
-0.726401690000000
-0.667948271000000
-2.22965812000000
-2.08574427000000
-1.80675331000000
0.247822782000000
1.64157330000000
1.95563434000000
0.707894251000000
0.984324303000000
1.11251528000000
0.190009429000000
1.95828086000000
1.26065004000000
-0.171172025000000
0.0953852088000000
2.40896558000000
1.43582635000000
1.02275343000000
0.289745366000000
-0.182432213000000
-0.685905387000000
-1.36655519000000
0.201275724000000
-1.32937578000000
-0.0128986476000000
-0.346369966000000
-0.762415692000000
-1.43083349000000
0.934483800000000
0.853517992000000
-0.663296248000000
-0.249572230000000
2.08938277000000
-0.599683853000000
1.01525931000000
0.747986223000000
1.20405300000000
-0.372694427000000
0.602589248000000
0.940038743000000
1.11728388000000
0.375782385000000
0.406210826000000
-0.557848643000000
0.0489945631000000
-0.901024575000000
-0.316683688000000
-1.16165996000000
0.259681872000000
-0.511571892000000
-0.310112508000000
-1.28597419000000
-1.84230047000000
-0.314539154000000
0.939191728000000
-0.454120180000000
0.337370534000000
-1.17872445000000
-0.385084567000000
0.937554040000000
1.05644164000000
1.62448675000000
1.92158486000000
3.01387777000000
0.193399838000000
0.0874337433000000
0.344229239000000
0.162298752000000
0.00342510547000000
-0.903648548000000
-2.25835443000000
-0.0284357637000000
-3.08601273000000
-0.883872268000000
-0.673482044000000
-0.589544476000000
1.47820293000000
-0.539985148000000
-0.776580369000000
-0.178343682000000
2.65478874000000
1.54367407000000
1.28999590000000
1.51190846000000
1.41058950000000
0.163834823000000
0.643063817000000
1.08944714000000
1.76140905000000
0.385965454000000
1.08478002000000
-1.89037160000000
-0.622736871000000
-2.18616688000000
-1.38629913000000
-3.10456004000000
-0.530868384000000
-1.30411837000000
-1.18768984000000
-0.816711109000000
-1.44167430000000
-1.76004221000000
0.875240393000000
0.801828831000000
-0.793026397000000
-0.589235645000000
2.26493140000000
0.394672497000000
0.363903647000000
1.71589641000000
1.08103279000000
0.216942726000000
-2.28536798000000
-1.09997601000000
0.880658989000000
0.559862881000000
-0.0819497404000000
0.120983660000000
-1.36009576000000
-0.145752840000000
-0.132454430000000
-0.133997324000000
-2.31060583000000
-0.724317490000000
0.318493800000000
-1.98955301000000
0.00174568835000000
-0.475491082000000
0.809069302000000
1.15459543000000
1.21515758000000
0.460798354000000
0.128190733000000
0.984417103000000
-0.921804822000000
-0.195579622000000
0.820456463000000
0.200227858000000
-0.478404769000000
-0.737811734000000
0.917453853000000
-0.985840149000000
-1.55997496000000
-1.01932701000000
-2.56370005000000
0.617745092000000
-0.813783667000000
1.27882254000000
-0.870569424000000
0.595079657000000
-0.928416979000000
0.984243451000000
0.270819883000000
1.77903407000000
1.30449720000000
1.24644591000000
1.76209895000000
-0.807728310000000
0.561930021000000
3.34720116000000
1.08416022000000
-0.698180506000000
-0.217684397000000
-0.449481910000000
-0.461846307000000
-1.92026724000000
-1.72946590000000
-1.21120376000000
-4.69392421000000
-2.40073942000000
-1.36374243000000
-2.02137262000000
0.216035924000000
-0.567539003000000
0.913801932000000
0.269888644000000
0.519973624000000
0.360448514000000
-0.364876833000000
1.72301386000000
-0.472707041000000
1.49557832000000
0.384926125000000
0.227377766000000
0.726591296000000
-1.63108882000000
-0.751828395000000
0.419013247000000
0.0416220619000000
-1.13218234000000
-1.90085763000000
-2.24759936000000
-1.70077641000000
-3.16111680000000
-0.167658988000000
-0.131304018000000
1.12614810000000
-0.191624970000000
1.26118280000000
-1.66278580000000
1.56367811000000
1.34961593000000
0.101627194000000
0.561712650000000
0.942894314000000
0.115587059000000
0.134856793000000
0.135431557000000
1.59482787000000
-1.91032436000000
-0.675092792000000
-0.973993111000000
-0.181128745000000
-1.07286244000000
-0.794412261000000
-0.869770045000000
-1.26088489000000
-1.71425102000000
-2.14682588000000
-1.18025795000000
-0.746753711000000
-0.177894001000000
1.73586889000000
0.860937441000000
-0.281532496000000
0.857382887000000
1.30805552000000
2.33863918000000
1.11076351000000
0.789410180000000
0.263141258000000
-0.840015684000000
0.798098588000000
1.07644772000000
-0.891997881000000
-1.21288952000000
-0.763315191000000
-1.49378994000000
-0.0348930825000000
-1.79171385000000
-0.0316225286000000
-0.113857325000000
-1.06774151000000
-1.48223743000000
-1.21249527000000
-0.482398728000000
0.402906143000000
-0.662318507000000
1.10424025000000
0.135984819000000
0.353671285000000
0.771273105000000
-0.555659707000000
0.457439859000000
1.36144774000000
1.07368117000000
-0.227238383000000
-0.0490920702000000
0.0610231995000000
-0.319831909000000
-0.689130037000000
-2.35097943000000
-0.659651051000000
-1.43520204000000
-0.353215787000000
-0.295630473000000
-0.326585846000000
2.36987259000000
0.113524963000000
-1.19937148000000
0.0880476856000000
-2.11253417000000
-0.539086252000000
1.64303372000000
0.366331383000000
2.73485598000000
0.365768599000000
-0.544438260000000
1.22174967000000
0.0624387208000000
1.37117763000000
0.367999851000000
-0.720209010000000
0.823846651000000
0.354256585000000
0.608504519000000
-1.48438686000000
-0.949704230000000
0.196602786000000
0.161512037000000
-2.60299402000000
0.109312554000000
0.256053893000000
-1.20678688000000
0.216174297000000
-1.17227201000000
-0.628253322000000
1.07589954000000
0.548537736000000
-0.958812992000000
2.71875293000000
0.301132950000000
1.64987836000000
1.59021460000000
0.645411301000000
0.869985618000000
0.765942966000000
-1.38974828000000
-0.349318351000000
-0.541635098000000
-1.62593953000000
-0.0993914701000000
-0.678756540000000
-1.39191120000000
-0.979984570000000
-1.16384618000000
-2.12462124000000
-0.965220877000000
-0.855328851000000
-0.336256054000000
2.54482035000000
1.24866680000000
1.24772552000000
0.264444201000000
1.35470982000000
0.636884873000000
-2.25361236000000
-0.151027137000000
1.77604953000000
-0.0174250037000000
-0.0946297305000000
1.35756726000000
0.358618845000000
-1.41449811000000
-1.20958229000000
-2.92906142000000
-1.22259697000000
-1.65328142000000
-0.353146665000000
-2.58486080000000
-1.62525726000000
-0.625113558000000
-1.16417077000000
-0.888314511000000
1.12278870000000
-0.627377753000000
2.12933811000000
1.50088137000000
1.44903929000000
2.15359688000000
1.90602707000000
-0.663670245000000
0.140726721000000
1.39261817000000
-0.250979593000000
-1.12344718000000
-2.26259845000000
-0.827640016000000
-1.57407494000000
0.174895807000000
-1.15588906000000
1.14044540000000
-0.224014539000000
0.174254568000000
1.22571266000000
1.23016819000000
2.53320886000000
0.479414285000000
1.75276372000000
0.800154125000000
0.289303798000000
2.87410510000000
1.30559017000000
0.733904729000000
0.271350384000000
-0.485683007000000
0.477714948000000
-1.01314170000000
-0.571171743000000
0.132789907000000
0.592353337000000
0.0360001019000000
-0.0550454736000000
-0.319054761000000
0.980582212000000
-0.0268230037000000
-0.436131254000000
1.32888368000000
-0.436428730000000
-0.0557755687000000
0.878521093000000
0.431612731000000
0.758600517000000
-0.386854019000000
2.19876178000000
0.202107968000000
1.34311915000000
1.12980268000000
-0.712579161000000
1.04524884000000
0.558440737000000
-0.607098021000000
-0.784397954000000
-2.44900508000000
0.0428072514000000
-1.65688099000000
-1.62111670000000
-2.61179947000000
0.322216237000000
-0.555699236000000
-0.368223063000000
0.151086513000000
0.0133393892000000
-0.437919725000000
0.409675681000000
1.56886172000000
-0.138727208000000
0.639062833000000
-0.103913116000000
0.890655441000000
-0.399062032000000
2.06866158000000
-0.169240441000000
-0.845708790000000
-1.92139512000000
-0.0107083103000000
-1.57433759000000
-1.66361090000000
-3.95888694000000
-1.17663523000000
-0.193107064000000
0.905693475000000
-1.74284875000000
0.219170690000000
1.24648970000000
-1.17186096000000
0.622652671000000
0.117055019000000
1.48615675000000
1.15425127000000
-0.308488107000000
1.33634880000000
1.48110875000000
-0.523732028000000
0.954728995000000
-2.07037936000000
1.47682494000000
-0.265508217000000
0.239095801000000
-1.42730807000000
0.513367242000000
-2.19984603000000
-0.519254898000000
0.250639835000000
-0.465110225000000
-2.41079957000000
-1.84341935000000
-0.644515887000000
-0.653996753000000
2.30319847000000
-0.531035059000000
0.952339774000000
1.15001937000000
0.569457103000000
1.33945935000000
2.63410306000000
0.587416373000000
0.490723253000000
1.23139324000000
-1.53409163000000
0.166933106000000
-0.331893662000000
-1.37840255000000
0.393661553000000
-1.12471755000000
-1.56636850000000
1.15422959000000
-0.619638719000000
0.00969477382000000
-1.68000661000000
-0.316032775000000
-0.625308124000000
0.685044064000000
0.798991092000000
3.10951204000000
2.19851579000000
0.816876729000000
-0.352064935000000
-0.432364083000000
1.28824652000000
2.38074411000000
1.73489612000000
0.825728016000000
-0.928387961000000
0.980812474000000
-1.05449069000000
0.0853559853000000
0.671808879000000
-0.337425886000000
-0.0965449664000000
-1.49943960000000
0.950241439000000
0.149990700000000
-0.363466593000000
0.993356477000000
-0.141062188000000
0.812770120000000
3.19417264000000
0.294802149000000
0.186669493000000
0.923357952000000
-0.192021122000000
1.26685728000000
1.45684458000000
1.64629863000000
0.245710521000000
-0.506461648000000
0.0800197264000000
-0.291899978000000
-3.05568870000000
-0.662894951000000
-2.07829697000000
-1.12511290000000
-2.01210406000000
0.909591466000000
-0.292137161000000
-0.224270784000000
-0.243978598000000
-0.645005814000000
-0.221388312000000
-0.481628701000000
0.516795586000000
-0.416648353000000
1.57490541000000
0.766010111000000
0.938285880000000
1.26117685000000
-2.04151042000000
0.359765915000000
1.15417068000000
0.130149888000000
0.322571557000000
-1.15041253000000
-1.01895155000000
-2.16610709000000
-0.180302332000000
-1.60127095000000
-1.42322541000000
-0.724210151000000
-1.83729763000000
-0.320745139000000
-0.786627027000000
-0.772093319000000
-1.19022698000000
-0.0700851354000000
0.945247529000000
1.76142356000000
1.65644055000000
0.931240843000000
1.72331759000000
1.17566368000000
2.52416129000000
1.25305120000000
-0.0354034273000000
-0.679527237000000
-0.732402334000000
1.12315003000000
2.22523708000000
0.0818462651000000
-0.799282811000000
-0.150662568000000
-2.01615052000000
0.309156835000000
-0.477139650000000
-0.0278395686000000
0.972491996000000
-0.311247570000000
-0.389149084000000
-1.42381234000000
-0.100775786000000
0.319132001000000
1.50848151000000
0.451288405000000
1.06160967000000
0.536398948000000
1.81283802000000
0.547964123000000
-0.197104189000000
-1.39116432000000
0.0985675028000000
-0.467118404000000
-0.896767639000000
0.253972336000000
0.229427408000000
-0.600143989000000
-0.555063209000000
-1.33549032000000
-1.57000291000000
-1.42736609000000
-0.983908634000000
1.18433899000000
-0.586009293000000
-0.928398105000000
-0.0344307643000000
0.404778023000000
-0.661037816000000
-0.307434468000000
0.523423486000000
1.18986457000000
2.17487110000000
1.62378124000000
0.387242833000000
-1.74207096000000
0.867097163000000
-0.176456251000000
-1.24687204000000
-1.75203149000000
-1.02053838000000
-0.488718184000000
-1.50748562000000
-3.03640718000000
-0.521703734000000
-0.321105506000000
-1.76409159000000
0.123834034000000
0.192658540000000
1.21317510000000
0.0413710881000000
0.597458831000000
0.272391722000000
2.32536638000000
0.778801931000000
1.65894726000000
0.777377055000000
2.17732328000000
1.05833462000000
0.489035272000000
-0.962305631000000
1.25843154000000
-0.375524074000000
-1.33063492000000
-2.47728340000000
-0.922258700000000
-0.334012975000000
-2.66223565000000
0.749727234000000
-0.885739918000000
-0.617758876000000
-1.77748660000000
-1.09118267000000
0.420498417000000
0.906749453000000
0.103429852000000
1.16261965000000
1.53766061000000
2.19440087000000
0.368128876000000
1.81851527000000
1.26127958000000
0.355078771000000
0.882597235000000
-0.553783774000000
2.44848428000000
-1.40118593000000
-0.447282414000000
-1.14266869000000
-1.46105477000000
-0.397995180000000
-1.71681457000000
-0.126067753000000
-1.31813247000000
-0.0653849754000000
0.131890701000000
0.584394109000000
0.483716219000000
0.283098161000000
0.461572919000000
0.884215790000000
1.80999942000000
0.338450987000000
1.08919646000000
0.320483104000000
1.11327826000000
1.28597643000000
0.0212793480000000
1.87270007000000
0.317429663000000
2.15557211000000
-1.37798791000000
1.63911564000000
-1.88566024000000
-1.69414832000000
-0.585465089000000
-0.529464616000000
0.289147900000000
0.204386247000000
-0.244834773000000
-1.07418619000000
0.231467463000000
0.565886705000000
1.44685764000000
2.28154728000000
0.938291259000000
1.05954236000000
0.354428389000000
0.647461590000000
1.42808378000000
1.09618617000000
-0.572862968000000
1.60865681000000
0.925856079000000
-0.691669506000000
-0.191307640000000
0.715401762000000
-1.60140470000000
-1.67244205000000
0.334925295000000
0.479924106000000
-1.90634683000000
-1.85563019000000
-1.60681507000000
0.399358928000000
0.285707582000000
-0.449209263000000
0.922418761000000
1.63777155000000
1.49486497000000
-0.400365161000000
1.85576855000000
1.91884432000000
1.44598536000000
1.26034231000000
0.0995366338000000
1.58446858000000
-0.0587992918000000
-0.508917136000000
1.64395292000000
-0.623521166000000
-0.594976145000000
0.0543426702000000
-0.211411396000000
-3.57445035000000
-0.739741345000000
0.885205980000000
-2.37214491000000
-0.756964374000000
-1.14205106000000
-0.183103810000000
1.15192957000000
1.05330846000000
1.77247554000000
1.08560775000000
-0.258504487000000
1.60329850000000
-0.224537522000000
0.705985081000000
1.26453548000000
0.185417085000000
-0.0899083585000000
1.21538303000000
-0.560475852000000
-1.58592642000000
0.214366145000000
-1.44333594000000
-1.93939865000000
-1.28619644000000
1.08220483000000
-2.76212417000000
-0.214607078000000
-1.92183968000000
-0.602330041000000
-0.881961214000000
0.925409464000000
0.648019099000000
0.607953662000000
3.13697117000000
0.316743889000000
0.310255513000000
1.94607677000000
0.598604698000000
0.373067713000000
1.71960618000000
-1.59830280000000
-1.91970675000000
-1.54145388000000
-1.09213800000000
-1.72618111000000
-1.03848519000000
-2.27653795000000
-0.874716100000000
-0.397653933000000
0.181489237000000
0.497843766000000
-0.330622095000000
0.270786951000000
0.462015877000000
1.24809828000000
-0.751359489000000
1.92941332000000
2.01698553000000
1.63135197000000
1.86889081000000
-0.122033968000000
0.322098626000000
-1.01263751000000
1.20107317000000
0.398212905000000
-0.813050869000000
-1.12912937000000
-0.602114558000000
-2.54736273000000
-0.956340764000000
-0.782235367000000
-1.15749649000000
0.110061757000000
-1.31298743000000
-1.27158511000000
0.472565511000000
0.985463776000000
0.943694957000000
0.977649486000000
1.54890594000000
0.397286391000000
1.96767882000000
1.78570465000000
-0.0922844356000000
1.06308497000000
-1.78338708000000
-0.417794966000000
-0.0920877331000000
-1.50528036000000
-0.593890208000000
0.534454329000000
-0.715666811000000
-2.52370451000000
-1.28738054000000
-0.916266766000000
0.674430487000000
0.295652743000000
-0.871106398000000
-1.16487178000000
0.717273929000000
1.34882688000000
0.517920421000000
1.19733463000000
0.0966936053000000
0.718780905000000
2.09424411000000
0.368905386000000
0.205475732000000
2.81049180000000
0.750522914000000
0.882720373000000
-0.718201377000000
1.11567520000000
0.442908093000000
-0.164995303000000
-1.12933385000000
-0.187586302000000
-1.90860547000000
-2.12553654000000
-1.68678962000000
-0.946789483000000
1.08647230000000
1.71332441000000
-0.540221699000000
0.300546267000000
1.69617601000000
-1.18729919000000
0.426472826000000
-0.211553450000000
0.678530444000000
-0.0974721756000000
0.0813781438000000
-1.28049968000000
-1.46579333000000
-1.38050998000000
-2.26183093000000
-0.0152401700000000
-0.977585870000000
0.0277542139000000
-0.877237033000000
0.181880638000000
-1.74649949000000
-0.0168239782000000
-1.07717646000000
-1.38395944000000
3.48250812000000
1.40283326000000
-0.00278652061000000
0.847289204000000
1.67305123000000
1.01721869000000
0.212558129000000
0.346403927000000
-0.0464299116000000
0.177494509000000
-0.376479371000000
-0.186470352000000
-0.436226074000000
-1.04636618000000
-1.29815057000000
-2.05787828000000
-0.827322073000000
0.0597137158000000
-0.905429559000000
-1.35263245000000
0.0936565607000000
0.831764531000000
1.07005861000000
1.76198846000000
0.899608997000000
0.976699551000000
2.95941435000000
-0.551080182000000
1.74054795000000
0.789003213000000
0.568893176000000
2.79175120000000
-0.174238438000000
0.511051627000000
-0.564530018000000
-0.0531885863000000
-0.648648670000000
1.04491300000000
-1.31303219000000
-1.11315233000000
-1.05459381000000
-0.705826900000000
-0.555526554000000
-0.0493163396000000
-2.09444316000000
0.359798766000000
-1.43227024000000
1.16901852000000
0.847605101000000
0.112039052000000
-0.293262750000000
0.963486020000000
1.94095466000000
-0.298980285000000
2.60477893000000
0.391768012000000
0.980909929000000
1.06343133000000
0.431463874000000
1.00242486000000
-0.0684900513000000
1.49860825000000
-0.518633579000000
-0.547744803000000
-1.38575947000000
-1.17390636000000
0.635002334000000
-0.0494247094000000
-0.995602510000000
-1.47813871000000
-0.553453752000000
2.62971286000000
0.860963974000000
1.32952564000000
1.54049461000000
0.279570756000000
0.463336563000000
1.16268402000000
-0.0261661614000000
-0.0941516821000000
1.49821193000000
-0.891351194000000
0.0955628377000000
-0.144018474000000
-0.696015547000000
-0.489256451000000
-0.0373860999000000
-1.36556493000000
-2.01135543000000
-2.90583188000000
-1.37263187000000
-0.612850863000000
-1.60262690000000
-0.767362070000000
-0.0851658921000000
-0.354296984000000
0.353527752000000
1.54452764000000
-0.626680815000000
2.22738206000000
1.31071245000000
1.38795165000000
0.921215142000000
0.986014827000000
0.270259823000000
1.38167043000000
-0.257574243000000
-0.619531505000000
-1.36630708000000
-2.95479515000000
-0.721510947000000
0.811088033000000
-1.72970766000000
-2.63477206000000
-3.68686021000000
-2.49176115000000
0.652598947000000
-0.0262961492000000
-0.599159326000000
0.442439949000000
0.135848415000000
-0.443039417000000
3.09932787000000
1.93169566000000
1.87543496000000
1.76611740000000
0.00513123672000000
1.86969419000000
1.16596519000000
0.449189861000000
0.829417561000000
0.466981863000000
-0.773941550000000
0.960732892000000
-0.276278193000000
-0.453419766000000
-0.118012758000000
-1.81116669000000
-0.428413924000000
-1.84399436000000
-0.0344834823000000
0.0440218839000000
-0.416185736000000
0.291403827000000
-0.189077408000000
-0.398223619000000
0.432530218000000
0.258151845000000
0.0506032615000000
0.298809874000000
1.31628450000000
1.63797649000000
0.637813227000000
1.46254006000000
1.34856325000000
-0.459103178000000
-2.52539691000000
-1.67993257000000
-1.16042705000000
-1.83473330000000
-1.33104646000000
-1.66122099000000
-0.763241837000000
-1.02195493000000
-0.261478685000000
1.91343037000000
2.24852585000000
-0.941301208000000
0.0860468855000000
-0.260719053000000
-1.64912234000000
-0.328331073000000
2.04624698000000
0.00983965705000000
0.809906909000000
0.261232945000000
2.49565932000000
2.00854131000000
-0.945337696000000
0.329979534000000
0.223077844000000
-1.87808914000000
0.0329141883000000
-0.767869652000000
-1.00965364000000
-0.475731507000000
-1.73774178000000
-1.87403788000000
-1.42876049000000
1.62662157000000
0.561841704000000
-0.474586876000000
-0.798560707000000
0.891862168000000
-0.653426899000000
2.04168750000000
1.83503463000000
0.785282623000000
3.16234350000000
-0.804213033000000
1.64074915000000
-2.40339424000000
-0.265741963000000
0.276696539000000
-0.586680033000000
-0.669644886000000
-2.33059989000000
0.673773371000000
-0.371854236000000
-1.57348141000000
1.26963765000000
-1.74300404000000
-0.792563300000000
-0.331148911000000
0.845763806000000
1.27354223000000
1.57619416000000
1.67756303000000
1.22172963000000
0.833499992000000
-0.565405702000000
0.890042841000000
1.85143236000000
-0.979023905000000
1.39018546000000
0.514365378000000
-1.91486509000000
-0.943259441000000
-0.172567750000000
-1.58337010000000
-0.841752917000000
-1.72412488000000
0.539824468000000
-0.750954807000000
-2.20318016000000
-0.631322938000000
0.143081083000000
0.758340396000000
-0.715605640000000
-0.264987952000000
-0.0678465499000000
2.01671419000000
1.58581904000000
1.67884496000000
-0.739107621000000
1.04531655000000
0.634406582000000
0.622227601000000
0.387584864000000
0.207925387000000
0.594786337000000
-0.249399399000000
0.265215517000000
-2.22910953000000
0.586422463000000
0.313867673000000
-1.10263653000000
-0.945389624000000
1.30230419000000
-0.626938994000000
-0.149469846000000
-0.469083409000000
0.345917508000000
1.90039725000000
-0.0798811524000000
0.0541633765000000
1.48907153000000
0.686743660000000
0.0242162163000000
0.537850688000000
1.67596441000000
0.659561857000000
0.502611708000000
0.365516913000000
-1.16811283000000
-0.171993251000000
-2.11151662000000
-1.60021364000000
-0.987619713000000
-1.09340920000000
-1.50078661000000
-1.23992561000000
-2.55133438000000
0.0418776016000000
-1.11581054000000
0.374328669000000
1.09484330000000
-0.637290482000000
0.867273285000000
-0.496507570000000
0.915603276000000
0.506332636000000
1.58961553000000
0.386272851000000
0.568939815000000
-0.205683998000000
-0.107595301000000
1.49736699000000
-0.981285360000000
0.634288502000000
-0.159088022000000
-0.467757674000000
-1.23384916000000
-0.872443076000000
-1.53118592000000
-1.42401788000000
-2.51691272000000
-1.29515634000000
-0.669777953000000
0.427324514000000
0.111270330000000
1.00051762000000
-2.48653537000000
0.964174782000000
2.51392774000000
1.15208193000000
1.62341829000000
1.25536288000000
1.17225493000000
1.40394238000000
1.50036764000000
0.0736017007000000
0.00532726168000000
1.83641763000000
-2.07775847000000
-1.50131006000000
0.444298493000000
-1.98639173000000
-0.649414430000000
-0.582565210000000
-1.40669355000000
-1.05082982000000
-0.101819555000000
0.602401581000000
-0.740766768000000
0.447749653000000
-0.628863184000000
-0.364908811000000
0.141306699000000
1.08568418000000
1.13966871000000
2.17346263000000
2.32615645000000
0.365519514000000
0.261075922000000
-0.519152754000000
2.12559424000000
1.27749643000000
-0.0806633680000000
0.138781275000000
-1.57461593000000
-1.10723490000000
0.815228698000000
-0.653749706000000
-0.510409875000000
-2.02463717000000
0.833015256000000
-1.42756764000000
-1.24062072000000
1.89793026000000
-0.685755301000000
-0.208655607000000
1.05367604000000
1.53773622000000
0.752108206000000
1.35831161000000
1.65430462000000
1.46876254000000
-0.556218340000000
-0.209578460000000
-0.143758247000000
-0.837218813000000
-1.61844393000000
-0.0579744306000000
-2.16153051000000
0.413612212000000
-0.585409688000000
-0.758148156000000
-1.54556699000000
-3.29587128000000
-0.854257507000000
-0.192306958000000
0.424940238000000
1.19475694000000
0.368519483000000
0.656434047000000
-0.473179052000000
-0.323574927000000
0.764302967000000
1.84512277000000
1.82121236000000
-0.905368198000000
1.45790072000000
0.402313093000000
-0.0495808483000000
0.403370288000000
-3.38194194000000
-0.911617759000000
-0.679358266000000
-1.33153644000000
-1.71127776000000
-0.741290119000000
-1.37842145000000
-1.56075041000000
-0.325728611000000
-1.81708882000000
-1.62016769000000
1.51860182000000
-0.940116300000000
-0.375214002000000
0.0611731280000000
0.462029840000000
2.14323078000000
1.93017157000000
1.35415244000000
2.64335092000000
1.45025403000000
1.37179483000000
0.311887656000000
1.16097107000000
-0.788794490000000
-1.17278172000000
-0.941441340000000
-1.81845284000000
0.0678201877000000
-1.40663963000000
0.723162289000000
-0.311237298000000
-0.310005403000000
0.0244347668000000
1.02790655000000
2.50376364000000
-0.781548170000000
0.967819886000000
1.23584268000000
-0.270706650000000
1.90548969000000
0.849703851000000
-0.765823259000000
-0.0420029496000000
0.621671632000000
0.0371852527000000
-0.945936816000000
0.570061136000000
0.277590988000000
-0.919785220000000
0.0478450590000000
-0.572115274000000
0.275770213000000
-1.03595081000000
-0.908403613000000
0.423902147000000
-1.64018392000000
-0.920798090000000
-0.440652488000000
-0.722385563000000
1.30704097000000
1.17272160000000
-0.495757463000000
0.932184237000000
2.33717816000000
1.47423492000000
1.86888378000000
1.21686443000000
0.935521320000000
-0.0647361250000000
-1.05055236000000
0.390391970000000
0.00120291284000000
-2.88563473000000
-0.241975769000000
-1.11955832000000
-0.0173203671000000
-2.21621458000000
-1.31962812000000
-0.681335717000000
0.668069256000000
2.93513007000000
0.233252927000000
0.896886246000000
1.92696767000000
0.518162105000000
0.348987540000000
-0.511806646000000
-1.75889729000000
-0.768248859000000
0.0543563443000000
-0.275692443000000
-0.255993622000000
-0.0268872908000000
-1.01640305000000
-1.32272249000000
-1.04842641000000
0.810720489000000
1.14813720000000
-0.698907652000000
-0.930215887000000
0.707398279000000
0.160284483000000
1.78762673000000
0.690366962000000
0.468763149000000
1.12048701000000
-1.47285193000000
2.33212978000000
0.998769140000000
0.760784512000000
0.727394599000000
1.74285098000000
0.806718992000000
-0.342944641000000
-0.311555010000000
-0.273298633000000
-1.16679403000000
-3.36165591000000
0.549425189000000
-1.12570095000000
-1.29657579000000
-0.860270873000000
-1.53482564000000
-0.680467750000000
-2.29321390000000
-0.0648638930000000
-1.20476415000000
-1.91671054000000
1.04449102000000
1.06917748000000
2.89602731000000
1.88888476000000
1.36338713000000
1.90650069000000
-0.0508293855000000
-0.0103313564000000
1.70386088000000
0.363612688000000
0.427666391000000
-0.191194992000000
-0.368552123000000
-0.528249186000000
-0.219092000000000
-0.0880674744000000
-0.528312741000000
0.293776079000000
-0.178643696000000
-2.23248664000000
-2.66770911000000
-0.633438070000000
0.717633066000000
1.25481879000000
-0.180603509000000
1.46782667000000
0.662350450000000
0.869032723000000
0.120972121000000
0.102652620000000
0.234967476000000
-0.673698518000000
-2.70482159000000
-1.40119392000000
0.902907875000000
-1.58233428000000
-1.95508129000000
-1.59763818000000
-1.59956691000000
-2.39013369000000
-0.371000647000000
-0.636385140000000
-2.07539823000000
-1.76878256000000
0.383722107000000
1.15905404000000
0.682090735000000
0.614811199000000
0.821500718000000
1.62609836000000
-0.790210062000000
2.53301143000000
1.62734029000000
1.20346598000000
-0.351090228000000
0.197596303000000
-0.309379618000000
0.274652423000000
-0.236551970000000
0.314752282000000
-0.322142881000000
-0.0433397995000000
-1.94489552000000
-1.16965991000000
-1.31567564000000
-0.644811059000000
-1.59803794000000
0.252504556000000
1.83997931000000
-0.444194935000000
0.975625558000000
0.201611636000000
-0.500950391000000
1.60674025000000
0.328495452000000
0.122377898000000
-1.16098087000000
1.52169831000000
-0.0628161758000000
-1.47219738000000
-1.67615348000000
3.22995444000000
-0.202251406000000
-0.422743073000000
-1.50118890000000
-0.210138699000000
0.631677877000000
-0.513287059000000
-2.04784846000000
-0.560278769000000
-0.441876545000000
1.64883565000000
-0.137055055000000
-0.935862337000000
-0.197773941000000
0.0921505680000000
2.42386135000000
2.60125654000000
2.11522374000000
2.11838392000000
1.33385227000000
0.602051862000000
2.09406096000000
1.17234520000000
1.60534512000000
1.59761506000000
-0.171196614000000
-0.521673187000000
-1.33589503000000
-1.75637830000000
-0.0737539011000000
-1.07969748000000
-0.870592586000000
-2.48231837000000
-1.29086727000000
-1.88910218000000
-0.611264215000000
-0.568276001000000
1.62284551000000
0.760408252000000
-1.64799677000000
-0.400770930000000
1.13142632000000
0.668584665000000
1.22263885000000
0.673008976000000
0.112930904000000
0.897340230000000
0.559599585000000
-0.867608300000000
0.719687457000000
-0.613367930000000
0.517628208000000
-0.747170760000000
-2.42873305000000
-1.68916915000000
0.103330746000000
-2.55739483000000
0.819187392000000
-0.635452564000000
0.543398144000000
0.0702444676000000
0.681812361000000
1.05477820000000
0.619954801000000
0.730254311000000
1.15945129000000
0.153224268000000
0.143525410000000
-0.280443381000000
0.875602362000000
1.47041599000000
0.171001711000000
-0.168410011000000
0.455511458000000
-1.11841999000000
-1.41473958000000
0.463857551000000
-0.663975198000000
-1.44157490000000
-1.13170868000000
0.469661088000000
-0.313029420000000
0.522839771000000
-0.131482313000000
-0.143793009000000
0.622318064000000
-1.09262266000000
0.0809174029000000
-0.992993717000000
1.22994653000000
-0.781500322000000
-0.295788966000000
1.07151296000000
1.93132756000000
1.55713245000000
2.09211902000000
-0.605994393000000
-1.54005108000000
0.500133045000000
1.35205347000000
-1.30004149000000
-2.39306304000000
-2.71337331000000
-0.876426023000000
-2.33205768000000
-0.210306167000000
-1.66504794000000
-0.821187734000000
0.757242440000000
-0.0363086030000000
0.295336544000000
-0.200102628000000
0.996917564000000
1.42091669000000
-1.10470090000000
1.35911871000000
1.15136835000000
-1.51708107000000
1.56796698000000
0.111758475000000
-0.00896159972000000
-0.204351771000000
-0.775196307000000
0.667361525000000
0.881384905000000
-0.597656167000000
0.432868534000000
-0.923782360000000
-0.119549464000000
-1.29607224000000
-1.26777239000000
-1.86086743000000
-0.989512822000000
1.88374728000000
-1.78213981000000
1.63370905000000
-1.28272008000000
2.20242705000000
1.26486804000000
-0.211782190000000
1.36886017000000
0.668758584000000
-0.618131732000000
-0.501630317000000
1.54446360000000
0.215131206000000
0.194630980000000
1.33048239000000
-1.91853537000000
-0.976385099000000
-0.525821618000000
-0.859030908000000
0.229518756000000
-2.22299146000000
-1.01684232000000
-0.239297999000000
1.00309411000000
-1.46562017000000
-1.03114996000000
0.754573113000000
2.98497508000000
1.37611805000000
1.94972185000000
2.16733747000000
2.55091906000000
0.768686087000000
0.762150006000000
-1.53453796000000
0.223596345000000
-0.588261078000000
1.00479873000000
-0.928531516000000
-1.43468884000000
-1.86670709000000
0.408020674000000
-0.332612508000000
-1.29667993000000
0.371446902000000
-1.77502645000000
-2.32841779000000
-0.476770270000000
1.22511090000000
-1.54463413000000
1.95071582000000
1.46686898000000
2.29875575000000
2.22552841000000
0.0832131869000000
1.35453004000000
0.582759920000000
1.31247655000000
-1.07926448000000
0.408546425000000
-0.600158201000000
0.986925844000000
-2.03241115000000
-3.13962130000000
-1.72460114000000
-1.53173612000000
-3.01226286000000
-2.01944544000000
0.0496650268000000
-0.468315739000000
0.543042094000000
0.0322633082000000
-1.37323874000000
-0.151929488000000
0.415871599000000
1.29190881000000
1.22672156000000
2.01501263000000
1.10122879000000
0.397457781000000
0.276457014000000
0.411265517000000
0.565576067000000
-0.207843801000000
-0.491358826000000
0.212306326000000
1.44078407000000
-0.322447877000000
1.32996443000000
-0.449943326000000
-0.654603156000000
-1.60324368000000
-0.496292238000000
-2.12974896000000
-0.0461092409000000
0.262388397000000
-0.452132199000000
-1.42213616000000
0.600261195000000
1.55874920000000
-0.542680134000000
0.700939898000000
0.426820159000000
0.312263249000000
-0.539917800000000
1.50059813000000
-0.372929340000000
-1.72758309000000
1.23413898000000
-0.359640588000000
-0.756909208000000
-1.64298229000000
-1.23121279000000
-0.699884570000000
0.200690887000000
-2.45634274000000
-1.74713369000000
-0.980390831000000
-1.52278233000000
0.0621869103000000
-1.80202803000000
1.71705148000000
-0.218977940000000
-0.331867263000000
0.226672484000000
1.64402430000000
0.836551719000000
0.543509117000000
0.510697979000000
0.782016458000000
0.639082846000000
1.08649385000000
-2.51945097000000
-0.722643490000000
-0.595183176000000
-0.381967167000000
-1.88339568000000
-0.808029602000000
-1.69442217000000
-2.37178384000000
-1.27062158000000
0.0890579923000000
0.761109800000000
-0.647208291000000
2.90918105000000
0.173350949000000
0.660369668000000
0.253505414000000
0.310844839000000
1.54434281000000
-0.130562818000000
1.10955819000000
1.28389456000000
-0.501021131000000
-0.0144043181000000
-0.509034778000000
0.546062217000000
-0.663638965000000
0.162360148000000
-0.553032990000000
0.697897683000000
-1.44556651000000
-0.967554518000000
-1.76296279000000
0.402290562000000
-0.614167730000000
-0.379462556000000
1.37801162000000
0.00319638658000000
-0.117758133000000
0.403204958000000
0.702802560000000
0.708728368000000
0.477633487000000
0.695223385000000
2.01288997000000
1.35113467000000
-0.846114449000000
-1.77525638000000
-2.18853126000000
-0.0359406368000000
-1.33817524000000
0.767824152000000
1.09420252000000
0.781015302000000
-0.113829587000000
-0.847661313000000
-1.07988444000000
-0.317865342000000
-0.0505788286000000
1.27823427000000
-0.316679339000000
2.16510030000000
1.15105478000000
-0.160443107000000
0.325509603000000
0.920813174000000
2.12645779000000
0.216732216000000
1.10512004000000
-0.301511116000000
0.550706005000000
0.709477088000000
-0.817264014000000
-2.10906150000000
-0.930262448000000
-0.986615613000000
-2.20567453000000
0.807825154000000
-2.39853473000000
-1.11996205000000
-0.298660205000000
-0.979138540000000
-0.149860321000000
-1.05809260000000
-0.197398821000000
0.363890691000000
1.29310633000000
1.17885994000000
1.23955259000000
2.04115194000000
2.51890014000000
0.000165595604000000
1.61869562000000
0.900077542000000
1.73259910000000
-0.233715340000000
1.46615313000000
-0.0355987813000000
-1.54043014000000
-0.744727473000000
0.103116287000000
-1.16205014000000
-1.64317475000000
-1.88864444000000
1.17907609000000