2000
[-2.86794965e-01 -2.24014539e-01 -9.46789483e-01 -6.81335717e-01
  3.38105527e-01  1.74254568e-01  1.08647230e+00  6.68069256e-01
 -5.79354870e-02  1.22571266e+00  1.71332441e+00  2.93513007e+00
  1.28641841e+00  1.23016819e+00 -5.40221699e-01  2.33252927e-01
  1.00231013e+00  2.53320886e+00  3.00546267e-01  8.96886246e-01
  3.14920776e+00  4.79414285e-01  1.69617601e+00  1.92696767e+00
  1.42344393e+00  1.75276372e+00 -1.18729919e+00  5.18162105e-01
  4.33241462e-01  8.00154125e-01  4.26472826e-01  3.48987540e-01
  1.74925670e+00  2.89303798e-01 -2.11553450e-01 -5.11806646e-01
 -5.22990971e-01  2.87410510e+00  6.78530444e-01 -1.75889729e+00
  3.20201240e-01  1.30559017e+00 -9.74721756e-02 -7.68248859e-01
 -1.08808122e-01  7.33904729e-01  8.13781438e-02  5.43563443e-02
  2.51404238e+00  2.71350384e-01 -1.28049968e+00 -2.75692443e-01
  1.89438178e-01 -4.85683007e-01 -1.46579333e+00 -2.55993622e-01
 -1.55903566e-01  4.77714948e-01 -1.38050998e+00 -2.68872908e-02
 -7.31785400e-01 -1.01314170e+00 -2.26183093e+00 -1.01640305e+00
  2.13193152e-01 -5.71171743e-01 -1.52401700e-02 -1.32272249e+00
 -2.25996202e+00  1.32789907e-01 -9.77585870e-01 -1.04842641e+00
 -1.67004530e+00  5.92353337e-01  2.77542139e-02  8.10720489e-01
 -1.36087550e+00  3.60001019e-02 -8.77237033e-01  1.14813720e+00
 -1.03687884e+00 -5.50454736e-02  1.81880638e-01 -6.98907652e-01
 -3.70518483e-01 -3.19054761e-01 -1.74649949e+00 -9.30215887e-01
  1.59712427e+00  9.80582212e-01 -1.68239782e-02  7.07398279e-01
  6.59237556e-01 -2.68230037e-02 -1.07717646e+00  1.60284483e-01
 -2.68888158e-01 -4.36131254e-01 -1.38395944e+00  1.78762673e+00
  1.63508072e+00  1.32888368e+00  3.48250812e+00  6.90366962e-01
  1.37198405e+00 -4.36428730e-01  1.40283326e+00  4.68763149e-01
 -1.29601117e-01 -5.57755687e-02 -2.78652061e-03  1.12048701e+00
  1.24290933e+00  8.78521093e-01  8.47289204e-01 -1.47285193e+00
  1.84387540e-01  4.31612731e-01  1.67305123e+00  2.33212978e+00
  1.89276334e+00  7.58600517e-01  1.01721869e+00  9.98769140e-01
  1.80130189e-01 -3.86854019e-01  2.12558129e-01  7.60784512e-01
  1.64646017e+00  2.19876178e+00  3.46403927e-01  7.27394599e-01
  2.27609601e+00  2.02107968e-01 -4.64299116e-02  1.74285098e+00
 -2.30093475e-01  1.34311915e+00  1.77494509e-01  8.06718992e-01
  2.15855527e+00  1.12980268e+00 -3.76479371e-01 -3.42944641e-01
 -4.07409164e-02 -7.12579161e-01 -1.86470352e-01 -3.11555010e-01
 -2.05623513e-01  1.04524884e+00 -4.36226074e-01 -2.73298633e-01
 -9.35068369e-01  5.58440737e-01 -1.04636618e+00 -1.16679403e+00
 -4.26755912e-01 -6.07098021e-01 -1.29815057e+00 -3.36165591e+00
 -9.51976066e-01 -7.84397954e-01 -2.05787828e+00  5.49425189e-01
 -1.13618917e+00 -2.44900508e+00 -8.27322073e-01 -1.12570095e+00
 -2.37967411e-01  4.28072514e-02  5.97137158e-02 -1.29657579e+00
  6.47408519e-01 -1.65688099e+00 -9.05429559e-01 -8.60270873e-01
 -2.31892696e+00 -1.62111670e+00 -1.35263245e+00 -1.53482564e+00
  4.92001691e-01 -2.61179947e+00  9.36565607e-02 -6.80467750e-01
 -4.04857543e-01  3.22216237e-01  8.31764531e-01 -2.29321390e+00
  5.12321750e-01 -5.55699236e-01  1.07005861e+00 -6.48638930e-02
 -8.36776915e-01 -3.68223063e-01  1.76198846e+00 -1.20476415e+00
  1.07820021e+00  1.51086513e-01  8.99608997e-01 -1.91671054e+00
  4.94282295e-01  1.33393892e-02  9.76699551e-01  1.04449102e+00
  2.96061913e+00 -4.37919725e-01  2.95941435e+00  1.06917748e+00
  1.11752866e+00  4.09675681e-01 -5.51080182e-01  2.89602731e+00
  3.58992552e+00  1.56886172e+00  1.74054795e+00  1.88888476e+00
  1.00925260e+00 -1.38727208e-01  7.89003213e-01  1.36338713e+00
  1.62909024e+00  6.39062833e-01  5.68893176e-01  1.90650069e+00
  1.36794758e+00 -1.03913116e-01  2.79175120e+00 -5.08293855e-02
  1.53922798e+00  8.90655441e-01 -1.74238438e-01 -1.03313564e-02
 -8.51700056e-01 -3.99062032e-01  5.11051627e-01  1.70386088e+00
 -9.69322070e-01  2.06866158e+00 -5.64530018e-01  3.63612688e-01
  6.77329745e-01 -1.69240441e-01 -5.31885863e-02  4.27666391e-01
  8.53508161e-01 -8.45708790e-01 -6.48648670e-01 -1.91194992e-01
 -1.62599009e+00 -1.92139512e+00  1.04491300e+00 -3.68552123e-01
  2.45411542e-01 -1.07083103e-02 -1.31303219e+00 -5.28249186e-01
 -4.34669106e-01 -1.57433759e+00 -1.11315233e+00 -2.19092000e-01
 -2.34567410e+00 -1.66361090e+00 -1.05459381e+00 -8.80674744e-02
 -3.27995709e-01 -3.95888694e+00 -7.05826900e-01 -5.28312741e-01
 -6.23726389e-01 -1.17663523e+00 -5.55526554e-01  2.93776079e-01
 -1.18182682e+00 -1.93107064e-01 -4.93163396e-02 -1.78643696e-01
  3.02621081e-01  9.05693475e-01 -2.09444316e+00 -2.23248664e+00
 -1.47091819e+00 -1.74284875e+00  3.59798766e-01 -2.66770911e+00
 -3.08255195e-02  2.19170690e-01 -1.43227024e+00 -6.33438070e-01
 -4.21145540e-01  1.24648970e+00  1.16901852e+00  7.17633066e-01
 -7.40379893e-01 -1.17186096e+00  8.47605101e-01  1.25481879e+00
  1.48640225e+00  6.22652671e-01  1.12039052e-01 -1.80603509e-01
  2.04721332e+00  1.17055019e-01 -2.93262750e-01  1.46782667e+00
  1.12196529e+00  1.48615675e+00  9.63486020e-01  6.62350450e-01
  1.35168329e+00  1.15425127e+00  1.94095466e+00  8.69032723e-01
  3.88831002e+00 -3.08488107e-01 -2.98980285e-01  1.20972121e-01
  1.84845872e+00  1.33634880e+00  2.60477893e+00  1.02652620e-01
  1.38397865e+00  1.48110875e+00  3.91768012e-01  2.34967476e-01
  2.00619517e+00 -5.23732028e-01  9.80909929e-01 -6.73698518e-01
 -2.64258121e-01  9.54728995e-01  1.06343133e+00 -2.70482159e+00
  5.16577725e-01 -2.07037936e+00  4.31463874e-01 -1.40119392e+00
  1.09549971e+00  1.47682494e+00  1.00242486e+00  9.02907875e-01
 -5.38293483e-01 -2.65508217e-01 -6.84900513e-02 -1.58233428e+00
  2.22672941e-01  2.39095801e-01  1.49860825e+00 -1.95508129e+00
 -4.06751908e-01 -1.42730807e+00 -5.18633579e-01 -1.59763818e+00
 -9.81755522e-01  5.13367242e-01 -5.47744803e-01 -1.59956691e+00
 -1.21092836e+00 -2.19984603e+00 -1.38575947e+00 -2.39013369e+00
 -3.01835534e-01 -5.19254898e-01 -1.17390636e+00 -3.71000647e-01
 -1.17020087e+00  2.50639835e-01  6.35002334e-01 -6.36385140e-01
 -1.58378616e+00 -4.65110225e-01 -4.94247094e-02 -2.07539823e+00
  9.06314565e-01 -2.41079957e+00 -9.95602510e-01 -1.76878256e+00
 -1.93794391e+00 -1.84341935e+00 -1.47813871e+00  3.83722107e-01
 -4.77270395e-01 -6.44515887e-01 -5.53453752e-01  1.15905404e+00
 -9.90314463e-01 -6.53996753e-01  2.62971286e+00  6.82090735e-01
  9.79303342e-01  2.30319847e+00  8.60963974e-01  6.14811199e-01
  1.23283229e+00 -5.31035059e-01  1.32952564e+00  8.21500718e-01
  2.10817807e+00  9.52339774e-01  1.54049461e+00  1.62609836e+00
  1.07646940e+00  1.15001937e+00  2.79570756e-01 -7.90210062e-01
  1.77107131e+00  5.69457103e-01  4.63336563e-01  2.53301143e+00
  8.50794990e-01  1.33945935e+00  1.16268402e+00  1.62734029e+00
  2.44363815e-01  2.63410306e+00 -2.61661614e-02  1.20346598e+00
  9.50609565e-02  5.87416373e-01 -9.41516821e-02 -3.51090228e-01
 -3.18931396e-02  4.90723253e-01  1.49821193e+00  1.97596303e-01
 -6.11509175e-01  1.23139324e+00 -8.91351194e-01 -3.09379618e-01
 -1.50460945e-01 -1.53409163e+00  9.55628377e-02  2.74652423e-01
 -3.12588457e-01  1.66933106e-01 -1.44018474e-01 -2.36551970e-01
  1.33011867e+00 -3.31893662e-01 -6.96015547e-01  3.14752282e-01
 -1.13538570e+00 -1.37840255e+00 -4.89256451e-01 -3.22142881e-01
 -2.42726815e+00  3.93661553e-01 -3.73860999e-02 -4.33397995e-02
 -1.15714650e+00 -1.12471755e+00 -1.36556493e+00 -1.94489552e+00
 -2.26661301e+00 -1.56636850e+00 -2.01135543e+00 -1.16965991e+00
 -1.52059714e-01  1.15422959e+00 -2.90583188e+00 -1.31567564e+00
 -2.90388546e+00 -6.19638719e-01 -1.37263187e+00 -6.44811059e-01
  1.06503865e-01  9.69477382e-03 -6.12850863e-01 -1.59803794e+00
  4.19854390e-01 -1.68000661e+00 -1.60262690e+00  2.52504556e-01
 -1.22932799e+00 -3.16032775e-01 -7.67362070e-01  1.83997931e+00
 -5.49345052e-01 -6.25308124e-01 -8.51658921e-02 -4.44194935e-01
  5.05521844e-01  6.85044064e-01 -3.54296984e-01  9.75625558e-01
  1.05183063e+00  7.98991092e-01  3.53527752e-01  2.01611636e-01
 -1.20647315e-01  3.10951204e+00  1.54452764e+00 -5.00950391e-01
  7.73723237e-01  2.19851579e+00 -6.26680815e-01  1.60674025e+00
  7.58943201e-02  8.16876729e-01  2.22738206e+00  3.28495452e-01
 -5.20679849e-01 -3.52064935e-01  1.31071245e+00  1.22377898e-01
  9.18809583e-01 -4.32364083e-01  1.38795165e+00 -1.16098087e+00
  2.13512092e+00  1.28824652e+00  9.21215142e-01  1.52169831e+00
 -7.12546635e-01  2.38074411e+00  9.86014827e-01 -6.28161758e-02
  1.48974973e+00  1.73489612e+00  2.70259823e-01 -1.47219738e+00
 -6.59450510e-01  8.25728016e-01  1.38167043e+00 -1.67615348e+00
  8.85658488e-01 -9.28387961e-01 -2.57574243e-01  3.22995444e+00
  2.55101193e+00  9.80812474e-01 -6.19531505e-01 -2.02251406e-01
 -1.81635187e+00 -1.05449069e+00 -1.36630708e+00 -4.22743073e-01
 -1.93058950e+00  8.53559853e-02 -2.95479515e+00 -1.50118890e+00
 -1.32257784e+00  6.71808879e-01 -7.21510947e-01 -2.10138699e-01
  3.35190387e-01 -3.37425886e-01  8.11088033e-01  6.31677877e-01
 -7.26401690e-01 -9.65449664e-02 -1.72970766e+00 -5.13287059e-01
 -6.67948271e-01 -1.49943960e+00 -2.63477206e+00 -2.04784846e+00
 -2.22965812e+00  9.50241439e-01 -3.68686021e+00 -5.60278769e-01
 -2.08574427e+00  1.49990700e-01 -2.49176115e+00 -4.41876545e-01
 -1.80675331e+00 -3.63466593e-01  6.52598947e-01  1.64883565e+00
  2.47822782e-01  9.93356477e-01 -2.62961492e-02 -1.37055055e-01
  1.64157330e+00 -1.41062188e-01 -5.99159326e-01 -9.35862337e-01
  1.95563434e+00  8.12770120e-01  4.42439949e-01 -1.97773941e-01
  7.07894251e-01  3.19417264e+00  1.35848415e-01  9.21505680e-02
  9.84324303e-01  2.94802149e-01 -4.43039417e-01  2.42386135e+00
  1.11251528e+00  1.86669493e-01  3.09932787e+00  2.60125654e+00
  1.90009429e-01  9.23357952e-01  1.93169566e+00  2.11522374e+00
  1.95828086e+00 -1.92021122e-01  1.87543496e+00  2.11838392e+00
  1.26065004e+00  1.26685728e+00  1.76611740e+00  1.33385227e+00
 -1.71172025e-01  1.45684458e+00  5.13123672e-03  6.02051862e-01
  9.53852088e-02  1.64629863e+00  1.86969419e+00  2.09406096e+00
  2.40896558e+00  2.45710521e-01  1.16596519e+00  1.17234520e+00
  1.43582635e+00 -5.06461648e-01  4.49189861e-01  1.60534512e+00
  1.02275343e+00  8.00197264e-02  8.29417561e-01  1.59761506e+00
  2.89745366e-01 -2.91899978e-01  4.66981863e-01 -1.71196614e-01
 -1.82432213e-01 -3.05568870e+00 -7.73941550e-01 -5.21673187e-01
 -6.85905387e-01 -6.62894951e-01  9.60732892e-01 -1.33589503e+00
 -1.36655519e+00 -2.07829697e+00 -2.76278193e-01 -1.75637830e+00
  2.01275724e-01 -1.12511290e+00 -4.53419766e-01 -7.37539011e-02
 -1.32937578e+00 -2.01210406e+00 -1.18012758e-01 -1.07969748e+00
 -1.28986476e-02  9.09591466e-01 -1.81116669e+00 -8.70592586e-01
 -3.46369966e-01 -2.92137161e-01 -4.28413924e-01 -2.48231837e+00
 -7.62415692e-01 -2.24270784e-01 -1.84399436e+00 -1.29086727e+00
 -1.43083349e+00 -2.43978598e-01 -3.44834823e-02 -1.88910218e+00
  9.34483800e-01 -6.45005814e-01  4.40218839e-02 -6.11264215e-01
  8.53517992e-01 -2.21388312e-01 -4.16185736e-01 -5.68276001e-01
 -6.63296248e-01 -4.81628701e-01  2.91403827e-01  1.62284551e+00
 -2.49572230e-01  5.16795586e-01 -1.89077408e-01  7.60408252e-01
  2.08938277e+00 -4.16648353e-01 -3.98223619e-01 -1.64799677e+00
 -5.99683853e-01  1.57490541e+00  4.32530218e-01 -4.00770930e-01
  1.01525931e+00  7.66010111e-01  2.58151845e-01  1.13142632e+00
  7.47986223e-01  9.38285880e-01  5.06032615e-02  6.68584665e-01
  1.20405300e+00  1.26117685e+00  2.98809874e-01  1.22263885e+00
 -3.72694427e-01 -2.04151042e+00  1.31628450e+00  6.73008976e-01
  6.02589248e-01  3.59765915e-01  1.63797649e+00  1.12930904e-01
  9.40038743e-01  1.15417068e+00  6.37813227e-01  8.97340230e-01
  1.11728388e+00  1.30149888e-01  1.46254006e+00  5.59599585e-01
  3.75782385e-01  3.22571557e-01  1.34856325e+00 -8.67608300e-01
  4.06210826e-01 -1.15041253e+00 -4.59103178e-01  7.19687457e-01
 -5.57848643e-01 -1.01895155e+00 -2.52539691e+00 -6.13367930e-01
  4.89945631e-02 -2.16610709e+00 -1.67993257e+00  5.17628208e-01
 -9.01024575e-01 -1.80302332e-01 -1.16042705e+00 -7.47170760e-01
 -3.16683688e-01 -1.60127095e+00 -1.83473330e+00 -2.42873305e+00
 -1.16165996e+00 -1.42322541e+00 -1.33104646e+00 -1.68916915e+00
  2.59681872e-01 -7.24210151e-01 -1.66122099e+00  1.03330746e-01
 -5.11571892e-01 -1.83729763e+00 -7.63241837e-01 -2.55739483e+00
 -3.10112508e-01 -3.20745139e-01 -1.02195493e+00  8.19187392e-01
 -1.28597419e+00 -7.86627027e-01 -2.61478685e-01 -6.35452564e-01
 -1.84230047e+00 -7.72093319e-01  1.91343037e+00  5.43398144e-01
 -3.14539154e-01 -1.19022698e+00  2.24852585e+00  7.02444676e-02
  9.39191728e-01 -7.00851354e-02 -9.41301208e-01  6.81812361e-01
 -4.54120180e-01  9.45247529e-01  8.60468855e-02  1.05477820e+00
  3.37370534e-01  1.76142356e+00 -2.60719053e-01  6.19954801e-01
 -1.17872445e+00  1.65644055e+00 -1.64912234e+00  7.30254311e-01
 -3.85084567e-01  9.31240843e-01 -3.28331073e-01  1.15945129e+00
  9.37554040e-01  1.72331759e+00  2.04624698e+00  1.53224268e-01
  1.05644164e+00  1.17566368e+00  9.83965705e-03  1.43525410e-01
  1.62448675e+00  2.52416129e+00  8.09906909e-01 -2.80443381e-01
  1.92158486e+00  1.25305120e+00  2.61232945e-01  8.75602362e-01
  3.01387777e+00 -3.54034273e-02  2.49565932e+00  1.47041599e+00
  1.93399838e-01 -6.79527237e-01  2.00854131e+00  1.71001711e-01
  8.74337433e-02 -7.32402334e-01 -9.45337696e-01 -1.68410011e-01
  3.44229239e-01  1.12315003e+00  3.29979534e-01  4.55511458e-01
  1.62298752e-01  2.22523708e+00  2.23077844e-01 -1.11841999e+00
  3.42510547e-03  8.18462651e-02 -1.87808914e+00 -1.41473958e+00
 -9.03648548e-01 -7.99282811e-01  3.29141883e-02  4.63857551e-01
 -2.25835443e+00 -1.50662568e-01 -7.67869652e-01 -6.63975198e-01
 -2.84357637e-02 -2.01615052e+00 -1.00965364e+00 -1.44157490e+00
 -3.08601273e+00  3.09156835e-01 -4.75731507e-01 -1.13170868e+00
 -8.83872268e-01 -4.77139650e-01 -1.73774178e+00  4.69661088e-01
 -6.73482044e-01 -2.78395686e-02 -1.87403788e+00 -3.13029420e-01
 -5.89544476e-01  9.72491996e-01 -1.42876049e+00  5.22839771e-01
  1.47820293e+00 -3.11247570e-01  1.62662157e+00 -1.31482313e-01
 -5.39985148e-01 -3.89149084e-01  5.61841704e-01 -1.43793009e-01
 -7.76580369e-01 -1.42381234e+00 -4.74586876e-01  6.22318064e-01
 -1.78343682e-01 -1.00775786e-01 -7.98560707e-01 -1.09262266e+00
  2.65478874e+00  3.19132001e-01  8.91862168e-01  8.09174029e-02
  1.54367407e+00  1.50848151e+00 -6.53426899e-01 -9.92993717e-01
  1.28999590e+00  4.51288405e-01  2.04168750e+00  1.22994653e+00
  1.51190846e+00  1.06160967e+00  1.83503463e+00 -7.81500322e-01
  1.41058950e+00  5.36398948e-01  7.85282623e-01 -2.95788966e-01
  1.63834823e-01  1.81283802e+00  3.16234350e+00  1.07151296e+00
  6.43063817e-01  5.47964123e-01 -8.04213033e-01  1.93132756e+00
  1.08944714e+00 -1.97104189e-01  1.64074915e+00  1.55713245e+00
  1.76140905e+00 -1.39116432e+00 -2.40339424e+00  2.09211902e+00
  3.85965454e-01  9.85675028e-02 -2.65741963e-01 -6.05994393e-01
  1.08478002e+00 -4.67118404e-01  2.76696539e-01 -1.54005108e+00
 -1.89037160e+00 -8.96767639e-01 -5.86680033e-01  5.00133045e-01
 -6.22736871e-01  2.53972336e-01 -6.69644886e-01  1.35205347e+00
 -2.18616688e+00  2.29427408e-01 -2.33059989e+00 -1.30004149e+00
 -1.38629913e+00 -6.00143989e-01  6.73773371e-01 -2.39306304e+00
 -3.10456004e+00 -5.55063209e-01 -3.71854236e-01 -2.71337331e+00
 -5.30868384e-01 -1.33549032e+00 -1.57348141e+00 -8.76426023e-01
 -1.30411837e+00 -1.57000291e+00  1.26963765e+00 -2.33205768e+00
 -1.18768984e+00 -1.42736609e+00 -1.74300404e+00 -2.10306167e-01
 -8.16711109e-01 -9.83908634e-01 -7.92563300e-01 -1.66504794e+00
 -1.44167430e+00  1.18433899e+00 -3.31148911e-01 -8.21187734e-01
 -1.76004221e+00 -5.86009293e-01  8.45763806e-01  7.57242440e-01
  8.75240393e-01 -9.28398105e-01  1.27354223e+00 -3.63086030e-02
  8.01828831e-01 -3.44307643e-02  1.57619416e+00  2.95336544e-01
 -7.93026397e-01  4.04778023e-01  1.67756303e+00 -2.00102628e-01
 -5.89235645e-01 -6.61037816e-01  1.22172963e+00  9.96917564e-01
  2.26493140e+00 -3.07434468e-01  8.33499992e-01  1.42091669e+00
  3.94672497e-01  5.23423486e-01 -5.65405702e-01 -1.10470090e+00
  3.63903647e-01  1.18986457e+00  8.90042841e-01  1.35911871e+00
  1.71589641e+00  2.17487110e+00  1.85143236e+00  1.15136835e+00
  1.08103279e+00  1.62378124e+00 -9.79023905e-01 -1.51708107e+00
  2.16942726e-01  3.87242833e-01  1.39018546e+00  1.56796698e+00
 -2.28536798e+00 -1.74207096e+00  5.14365378e-01  1.11758475e-01
 -1.09997601e+00  8.67097163e-01 -1.91486509e+00 -8.96159972e-03
  8.80658989e-01 -1.76456251e-01 -9.43259441e-01 -2.04351771e-01
  5.59862881e-01 -1.24687204e+00 -1.72567750e-01 -7.75196307e-01
 -8.19497404e-02 -1.75203149e+00 -1.58337010e+00  6.67361525e-01
  1.20983660e-01 -1.02053838e+00 -8.41752917e-01  8.81384905e-01
 -1.36009576e+00 -4.88718184e-01 -1.72412488e+00 -5.97656167e-01
 -1.45752840e-01 -1.50748562e+00  5.39824468e-01  4.32868534e-01
 -1.32454430e-01 -3.03640718e+00 -7.50954807e-01 -9.23782360e-01
 -1.33997324e-01 -5.21703734e-01 -2.20318016e+00 -1.19549464e-01
 -2.31060583e+00 -3.21105506e-01 -6.31322938e-01 -1.29607224e+00
 -7.24317490e-01 -1.76409159e+00  1.43081083e-01 -1.26777239e+00
  3.18493800e-01  1.23834034e-01  7.58340396e-01 -1.86086743e+00
 -1.98955301e+00  1.92658540e-01 -7.15605640e-01 -9.89512822e-01
  1.74568835e-03  1.21317510e+00 -2.64987952e-01  1.88374728e+00
 -4.75491082e-01  4.13710881e-02 -6.78465499e-02 -1.78213981e+00
  8.09069302e-01  5.97458831e-01  2.01671419e+00  1.63370905e+00
  1.15459543e+00  2.72391722e-01  1.58581904e+00 -1.28272008e+00
  1.21515758e+00  2.32536638e+00  1.67884496e+00  2.20242705e+00
  4.60798354e-01  7.78801931e-01 -7.39107621e-01  1.26486804e+00
  1.28190733e-01  1.65894726e+00  1.04531655e+00 -2.11782190e-01
  9.84417103e-01  7.77377055e-01  6.34406582e-01  1.36886017e+00
 -9.21804822e-01  2.17732328e+00  6.22227601e-01  6.68758584e-01
 -1.95579622e-01  1.05833462e+00  3.87584864e-01 -6.18131732e-01
  8.20456463e-01  4.89035272e-01  2.07925387e-01 -5.01630317e-01
  2.00227858e-01 -9.62305631e-01  5.94786337e-01  1.54446360e+00
 -4.78404769e-01  1.25843154e+00 -2.49399399e-01  2.15131206e-01
 -7.37811734e-01 -3.75524074e-01  2.65215517e-01  1.94630980e-01
  9.17453853e-01 -1.33063492e+00 -2.22910953e+00  1.33048239e+00
 -9.85840149e-01 -2.47728340e+00  5.86422463e-01 -1.91853537e+00
 -1.55997496e+00 -9.22258700e-01  3.13867673e-01 -9.76385099e-01
 -1.01932701e+00 -3.34012975e-01 -1.10263653e+00 -5.25821618e-01
 -2.56370005e+00 -2.66223565e+00 -9.45389624e-01 -8.59030908e-01
  6.17745092e-01  7.49727234e-01  1.30230419e+00  2.29518756e-01
 -8.13783667e-01 -8.85739918e-01 -6.26938994e-01 -2.22299146e+00
  1.27882254e+00 -6.17758876e-01 -1.49469846e-01 -1.01684232e+00
 -8.70569424e-01 -1.77748660e+00 -4.69083409e-01 -2.39297999e-01
  5.95079657e-01 -1.09118267e+00  3.45917508e-01  1.00309411e+00
 -9.28416979e-01  4.20498417e-01  1.90039725e+00 -1.46562017e+00
  9.84243451e-01  9.06749453e-01 -7.98811524e-02 -1.03114996e+00
  2.70819883e-01  1.03429852e-01  5.41633765e-02  7.54573113e-01
  1.77903407e+00  1.16261965e+00  1.48907153e+00  2.98497508e+00
  1.30449720e+00  1.53766061e+00  6.86743660e-01  1.37611805e+00
  1.24644591e+00  2.19440087e+00  2.42162163e-02  1.94972185e+00
  1.76209895e+00  3.68128876e-01  5.37850688e-01  2.16733747e+00
 -8.07728310e-01  1.81851527e+00  1.67596441e+00  2.55091906e+00
  5.61930021e-01  1.26127958e+00  6.59561857e-01  7.68686087e-01
  3.34720116e+00  3.55078771e-01  5.02611708e-01  7.62150006e-01
  1.08416022e+00  8.82597235e-01  3.65516913e-01 -1.53453796e+00
 -6.98180506e-01 -5.53783774e-01 -1.16811283e+00  2.23596345e-01
 -2.17684397e-01  2.44848428e+00 -1.71993251e-01 -5.88261078e-01
 -4.49481910e-01 -1.40118593e+00 -2.11151662e+00  1.00479873e+00
 -4.61846307e-01 -4.47282414e-01 -1.60021364e+00 -9.28531516e-01
 -1.92026724e+00 -1.14266869e+00 -9.87619713e-01 -1.43468884e+00
 -1.72946590e+00 -1.46105477e+00 -1.09340920e+00 -1.86670709e+00
 -1.21120376e+00 -3.97995180e-01 -1.50078661e+00  4.08020674e-01
 -4.69392421e+00 -1.71681457e+00 -1.23992561e+00 -3.32612508e-01
 -2.40073942e+00 -1.26067753e-01 -2.55133438e+00 -1.29667993e+00
 -1.36374243e+00 -1.31813247e+00  4.18776016e-02  3.71446902e-01
 -2.02137262e+00 -6.53849754e-02 -1.11581054e+00 -1.77502645e+00
  2.16035924e-01  1.31890701e-01  3.74328669e-01 -2.32841779e+00
 -5.67539003e-01  5.84394109e-01  1.09484330e+00 -4.76770270e-01
  9.13801932e-01  4.83716219e-01 -6.37290482e-01  1.22511090e+00
  2.69888644e-01  2.83098161e-01  8.67273285e-01 -1.54463413e+00
  5.19973624e-01  4.61572919e-01 -4.96507570e-01  1.95071582e+00
  3.60448514e-01  8.84215790e-01  9.15603276e-01  1.46686898e+00
 -3.64876833e-01  1.80999942e+00  5.06332636e-01  2.29875575e+00
  1.72301386e+00  3.38450987e-01  1.58961553e+00  2.22552841e+00
 -4.72707041e-01  1.08919646e+00  3.86272851e-01  8.32131869e-02
  1.49557832e+00  3.20483104e-01  5.68939815e-01  1.35453004e+00
  3.84926125e-01  1.11327826e+00 -2.05683998e-01  5.82759920e-01
  2.27377766e-01  1.28597643e+00 -1.07595301e-01  1.31247655e+00
  7.26591296e-01  2.12793480e-02  1.49736699e+00 -1.07926448e+00
 -1.63108882e+00  1.87270007e+00 -9.81285360e-01  4.08546425e-01
 -7.51828395e-01  3.17429663e-01  6.34288502e-01 -6.00158201e-01
  4.19013247e-01  2.15557211e+00 -1.59088022e-01  9.86925844e-01
  4.16220619e-02 -1.37798791e+00 -4.67757674e-01 -2.03241115e+00
 -1.13218234e+00  1.63911564e+00 -1.23384916e+00 -3.13962130e+00
 -1.90085763e+00 -1.88566024e+00 -8.72443076e-01 -1.72460114e+00
 -2.24759936e+00 -1.69414832e+00 -1.53118592e+00 -1.53173612e+00
 -1.70077641e+00 -5.85465089e-01 -1.42401788e+00 -3.01226286e+00
 -3.16111680e+00 -5.29464616e-01 -2.51691272e+00 -2.01944544e+00
 -1.67658988e-01  2.89147900e-01 -1.29515634e+00  4.96650268e-02
 -1.31304018e-01  2.04386247e-01 -6.69777953e-01 -4.68315739e-01
  1.12614810e+00 -2.44834773e-01  4.27324514e-01  5.43042094e-01
 -1.91624970e-01 -1.07418619e+00  1.11270330e-01  3.22633082e-02
  1.26118280e+00  2.31467463e-01  1.00051762e+00 -1.37323874e+00
 -1.66278580e+00  5.65886705e-01 -2.48653537e+00 -1.51929488e-01
  1.56367811e+00  1.44685764e+00  9.64174782e-01  4.15871599e-01
  1.34961593e+00  2.28154728e+00  2.51392774e+00  1.29190881e+00
  1.01627194e-01  9.38291259e-01  1.15208193e+00  1.22672156e+00
  5.61712650e-01  1.05954236e+00  1.62341829e+00  2.01501263e+00
  9.42894314e-01  3.54428389e-01  1.25536288e+00  1.10122879e+00
  1.15587059e-01  6.47461590e-01  1.17225493e+00  3.97457781e-01
  1.34856793e-01  1.42808378e+00  1.40394238e+00  2.76457014e-01
  1.35431557e-01  1.09618617e+00  1.50036764e+00  4.11265517e-01
  1.59482787e+00 -5.72862968e-01  7.36017007e-02  5.65576067e-01
 -1.91032436e+00  1.60865681e+00  5.32726168e-03 -2.07843801e-01
 -6.75092792e-01  9.25856079e-01  1.83641763e+00 -4.91358826e-01
 -9.73993111e-01 -6.91669506e-01 -2.07775847e+00  2.12306326e-01
 -1.81128745e-01 -1.91307640e-01 -1.50131006e+00  1.44078407e+00
 -1.07286244e+00  7.15401762e-01  4.44298493e-01 -3.22447877e-01
 -7.94412261e-01 -1.60140470e+00 -1.98639173e+00  1.32996443e+00
 -8.69770045e-01 -1.67244205e+00 -6.49414430e-01 -4.49943326e-01
 -1.26088489e+00  3.34925295e-01 -5.82565210e-01 -6.54603156e-01
 -1.71425102e+00  4.79924106e-01 -1.40669355e+00 -1.60324368e+00
 -2.14682588e+00 -1.90634683e+00 -1.05082982e+00 -4.96292238e-01
 -1.18025795e+00 -1.85563019e+00 -1.01819555e-01 -2.12974896e+00
 -7.46753711e-01 -1.60681507e+00  6.02401581e-01 -4.61092409e-02
 -1.77894001e-01  3.99358928e-01 -7.40766768e-01  2.62388397e-01
  1.73586889e+00  2.85707582e-01  4.47749653e-01 -4.52132199e-01
  8.60937441e-01 -4.49209263e-01 -6.28863184e-01 -1.42213616e+00
 -2.81532496e-01  9.22418761e-01 -3.64908811e-01  6.00261195e-01
  8.57382887e-01  1.63777155e+00  1.41306699e-01  1.55874920e+00
  1.30805552e+00  1.49486497e+00  1.08568418e+00 -5.42680134e-01
  2.33863918e+00 -4.00365161e-01  1.13966871e+00  7.00939898e-01
  1.11076351e+00  1.85576855e+00  2.17346263e+00  4.26820159e-01
  7.89410180e-01  1.91884432e+00  2.32615645e+00  3.12263249e-01
  2.63141258e-01  1.44598536e+00  3.65519514e-01 -5.39917800e-01
 -8.40015684e-01  1.26034231e+00  2.61075922e-01  1.50059813e+00
  7.98098588e-01  9.95366338e-02 -5.19152754e-01 -3.72929340e-01
  1.07644772e+00  1.58446858e+00  2.12559424e+00 -1.72758309e+00
 -8.91997881e-01 -5.87992918e-02  1.27749643e+00  1.23413898e+00
 -1.21288952e+00 -5.08917136e-01 -8.06633680e-02 -3.59640588e-01
 -7.63315191e-01  1.64395292e+00  1.38781275e-01 -7.56909208e-01
 -1.49378994e+00 -6.23521166e-01 -1.57461593e+00 -1.64298229e+00
 -3.48930825e-02 -5.94976145e-01 -1.10723490e+00 -1.23121279e+00
 -1.79171385e+00  5.43426702e-02  8.15228698e-01 -6.99884570e-01
 -3.16225286e-02 -2.11411396e-01 -6.53749706e-01  2.00690887e-01
 -1.13857325e-01 -3.57445035e+00 -5.10409875e-01 -2.45634274e+00
 -1.06774151e+00 -7.39741345e-01 -2.02463717e+00 -1.74713369e+00
 -1.48223743e+00  8.85205980e-01  8.33015256e-01 -9.80390831e-01
 -1.21249527e+00 -2.37214491e+00 -1.42756764e+00 -1.52278233e+00
 -4.82398728e-01 -7.56964374e-01 -1.24062072e+00  6.21869103e-02
  4.02906143e-01 -1.14205106e+00  1.89793026e+00 -1.80202803e+00
 -6.62318507e-01 -1.83103810e-01 -6.85755301e-01  1.71705148e+00
  1.10424025e+00  1.15192957e+00 -2.08655607e-01 -2.18977940e-01
  1.35984819e-01  1.05330846e+00  1.05367604e+00 -3.31867263e-01
  3.53671285e-01  1.77247554e+00  1.53773622e+00  2.26672484e-01
  7.71273105e-01  1.08560775e+00  7.52108206e-01  1.64402430e+00
 -5.55659707e-01 -2.58504487e-01  1.35831161e+00  8.36551719e-01
  4.57439859e-01  1.60329850e+00  1.65430462e+00  5.43509117e-01
  1.36144774e+00 -2.24537522e-01  1.46876254e+00  5.10697979e-01
  1.07368117e+00  7.05985081e-01 -5.56218340e-01  7.82016458e-01
 -2.27238383e-01  1.26453548e+00 -2.09578460e-01  6.39082846e-01
 -4.90920702e-02  1.85417085e-01 -1.43758247e-01  1.08649385e+00
  6.10231995e-02 -8.99083585e-02 -8.37218813e-01 -2.51945097e+00
 -3.19831909e-01  1.21538303e+00 -1.61844393e+00 -7.22643490e-01
 -6.89130037e-01 -5.60475852e-01 -5.79744306e-02 -5.95183176e-01
 -2.35097943e+00 -1.58592642e+00 -2.16153051e+00 -3.81967167e-01
 -6.59651051e-01  2.14366145e-01  4.13612212e-01 -1.88339568e+00
 -1.43520204e+00 -1.44333594e+00 -5.85409688e-01 -8.08029602e-01
 -3.53215787e-01 -1.93939865e+00 -7.58148156e-01 -1.69442217e+00
 -2.95630473e-01 -1.28619644e+00 -1.54556699e+00 -2.37178384e+00
 -3.26585846e-01  1.08220483e+00 -3.29587128e+00 -1.27062158e+00
  2.36987259e+00 -2.76212417e+00 -8.54257507e-01  8.90579923e-02
  1.13524963e-01 -2.14607078e-01 -1.92306958e-01  7.61109800e-01
 -1.19937148e+00 -1.92183968e+00  4.24940238e-01 -6.47208291e-01
  8.80476856e-02 -6.02330041e-01  1.19475694e+00  2.90918105e+00
 -2.11253417e+00 -8.81961214e-01  3.68519483e-01  1.73350949e-01
 -5.39086252e-01  9.25409464e-01  6.56434047e-01  6.60369668e-01
  1.64303372e+00  6.48019099e-01 -4.73179052e-01  2.53505414e-01
  3.66331383e-01  6.07953662e-01 -3.23574927e-01  3.10844839e-01
  2.73485598e+00  3.13697117e+00  7.64302967e-01  1.54434281e+00
  3.65768599e-01  3.16743889e-01  1.84512277e+00 -1.30562818e-01
 -5.44438260e-01  3.10255513e-01  1.82121236e+00  1.10955819e+00
  1.22174967e+00  1.94607677e+00 -9.05368198e-01  1.28389456e+00
  6.24387208e-02  5.98604698e-01  1.45790072e+00 -5.01021131e-01
  1.37117763e+00  3.73067713e-01  4.02313093e-01 -1.44043181e-02
  3.67999851e-01  1.71960618e+00 -4.95808483e-02 -5.09034778e-01
 -7.20209010e-01 -1.59830280e+00  4.03370288e-01  5.46062217e-01
  8.23846651e-01 -1.91970675e+00 -3.38194194e+00 -6.63638965e-01
  3.54256585e-01 -1.54145388e+00 -9.11617759e-01  1.62360148e-01
  6.08504519e-01 -1.09213800e+00 -6.79358266e-01 -5.53032990e-01
 -1.48438686e+00 -1.72618111e+00 -1.33153644e+00  6.97897683e-01
 -9.49704230e-01 -1.03848519e+00 -1.71127776e+00 -1.44556651e+00
  1.96602786e-01 -2.27653795e+00 -7.41290119e-01 -9.67554518e-01
  1.61512037e-01 -8.74716100e-01 -1.37842145e+00 -1.76296279e+00
 -2.60299402e+00 -3.97653933e-01 -1.56075041e+00  4.02290562e-01
  1.09312554e-01  1.81489237e-01 -3.25728611e-01 -6.14167730e-01
  2.56053893e-01  4.97843766e-01 -1.81708882e+00 -3.79462556e-01
 -1.20678688e+00 -3.30622095e-01 -1.62016769e+00  1.37801162e+00
  2.16174297e-01  2.70786951e-01  1.51860182e+00  3.19638658e-03
 -1.17227201e+00  4.62015877e-01 -9.40116300e-01 -1.17758133e-01
 -6.28253322e-01  1.24809828e+00 -3.75214002e-01  4.03204958e-01
  1.07589954e+00 -7.51359489e-01  6.11731280e-02  7.02802560e-01
  5.48537736e-01  1.92941332e+00  4.62029840e-01  7.08728368e-01
 -9.58812992e-01  2.01698553e+00  2.14323078e+00  4.77633487e-01
  2.71875293e+00  1.63135197e+00  1.93017157e+00  6.95223385e-01
  3.01132950e-01  1.86889081e+00  1.35415244e+00  2.01288997e+00
  1.64987836e+00 -1.22033968e-01  2.64335092e+00  1.35113467e+00
  1.59021460e+00  3.22098626e-01  1.45025403e+00 -8.46114449e-01
  6.45411301e-01 -1.01263751e+00  1.37179483e+00 -1.77525638e+00
  8.69985618e-01  1.20107317e+00  3.11887656e-01 -2.18853126e+00
  7.65942966e-01  3.98212905e-01  1.16097107e+00 -3.59406368e-02
 -1.38974828e+00 -8.13050869e-01 -7.88794490e-01 -1.33817524e+00
 -3.49318351e-01 -1.12912937e+00 -1.17278172e+00  7.67824152e-01
 -5.41635098e-01 -6.02114558e-01 -9.41441340e-01  1.09420252e+00
 -1.62593953e+00 -2.54736273e+00 -1.81845284e+00  7.81015302e-01
 -9.93914701e-02 -9.56340764e-01  6.78201877e-02 -1.13829587e-01
 -6.78756540e-01 -7.82235367e-01 -1.40663963e+00 -8.47661313e-01
 -1.39191120e+00 -1.15749649e+00  7.23162289e-01 -1.07988444e+00
 -9.79984570e-01  1.10061757e-01 -3.11237298e-01 -3.17865342e-01
 -1.16384618e+00 -1.31298743e+00 -3.10005403e-01 -5.05788286e-02
 -2.12462124e+00 -1.27158511e+00  2.44347668e-02  1.27823427e+00
 -9.65220877e-01  4.72565511e-01  1.02790655e+00 -3.16679339e-01
 -8.55328851e-01  9.85463776e-01  2.50376364e+00  2.16510030e+00
 -3.36256054e-01  9.43694957e-01 -7.81548170e-01  1.15105478e+00
  2.54482035e+00  9.77649486e-01  9.67819886e-01 -1.60443107e-01
  1.24866680e+00  1.54890594e+00  1.23584268e+00  3.25509603e-01
  1.24772552e+00  3.97286391e-01 -2.70706650e-01  9.20813174e-01
  2.64444201e-01  1.96767882e+00  1.90548969e+00  2.12645779e+00
  1.35470982e+00  1.78570465e+00  8.49703851e-01  2.16732216e-01
  6.36884873e-01 -9.22844356e-02 -7.65823259e-01  1.10512004e+00
 -2.25361236e+00  1.06308497e+00 -4.20029496e-02 -3.01511116e-01
 -1.51027137e-01 -1.78338708e+00  6.21671632e-01  5.50706005e-01
  1.77604953e+00 -4.17794966e-01  3.71852527e-02  7.09477088e-01
 -1.74250037e-02 -9.20877331e-02 -9.45936816e-01 -8.17264014e-01
 -9.46297305e-02 -1.50528036e+00  5.70061136e-01 -2.10906150e+00
  1.35756726e+00 -5.93890208e-01  2.77590988e-01 -9.30262448e-01
  3.58618845e-01  5.34454329e-01 -9.19785220e-01 -9.86615613e-01
 -1.41449811e+00 -7.15666811e-01  4.78450590e-02 -2.20567453e+00
 -1.20958229e+00 -2.52370451e+00 -5.72115274e-01  8.07825154e-01
 -2.92906142e+00 -1.28738054e+00  2.75770213e-01 -2.39853473e+00
 -1.22259697e+00 -9.16266766e-01 -1.03595081e+00 -1.11996205e+00
 -1.65328142e+00  6.74430487e-01 -9.08403613e-01 -2.98660205e-01
 -3.53146665e-01  2.95652743e-01  4.23902147e-01 -9.79138540e-01
 -2.58486080e+00 -8.71106398e-01 -1.64018392e+00 -1.49860321e-01
 -1.62525726e+00 -1.16487178e+00 -9.20798090e-01 -1.05809260e+00
 -6.25113558e-01  7.17273929e-01 -4.40652488e-01 -1.97398821e-01
 -1.16417077e+00  1.34882688e+00 -7.22385563e-01  3.63890691e-01
 -8.88314511e-01  5.17920421e-01  1.30704097e+00  1.29310633e+00
  1.12278870e+00  1.19733463e+00  1.17272160e+00  1.17885994e+00
 -6.27377753e-01  9.66936053e-02 -4.95757463e-01  1.23955259e+00
  2.12933811e+00  7.18780905e-01  9.32184237e-01  2.04115194e+00
  1.50088137e+00  2.09424411e+00  2.33717816e+00  2.51890014e+00
  1.44903929e+00  3.68905386e-01  1.47423492e+00  1.65595604e-04
  2.15359688e+00  2.05475732e-01  1.86888378e+00  1.61869562e+00
  1.90602707e+00  2.81049180e+00  1.21686443e+00  9.00077542e-01
 -6.63670245e-01  7.50522914e-01  9.35521320e-01  1.73259910e+00
  1.40726721e-01  8.82720373e-01 -6.47361250e-02 -2.33715340e-01
  1.39261817e+00 -7.18201377e-01 -1.05055236e+00  1.46615313e+00
 -2.50979593e-01  1.11567520e+00  3.90391970e-01 -3.55987813e-02
 -1.12344718e+00  4.42908093e-01  1.20291284e-03 -1.54043014e+00
 -2.26259845e+00 -1.64995303e-01 -2.88563473e+00 -7.44727473e-01
 -8.27640016e-01 -1.12933385e+00 -2.41975769e-01  1.03116287e-01
 -1.57407494e+00 -1.87586302e-01 -1.11955832e+00 -1.16205014e+00
  1.74895807e-01 -1.90860547e+00 -1.73203671e-02 -1.64317475e+00
 -1.15588906e+00 -2.12553654e+00 -2.21621458e+00 -1.88864444e+00
  1.14044540e+00 -1.68678962e+00 -1.31962812e+00  1.17907609e+00]
